17585
18008
17696
17713
24099
17586
17728
17714
17877
26504
12666
17559
17731
12667
17601
17652
12668
17560
17700
17602
18090
16449
17684
17718
17653
17603
26500
12533
12600
17561
17701
16605
12534
20670
12601
18091
17654
18028
18042
26506
12535
12602
17720
18029
27185
17702
26507
17721
18043
17690
17920
20667
25489
18062
17693
17922
24098
16526
17724
17694
18007
16552
16486
17710
17584
17695
18063
23130
23133
17727
26600
23144
25930
25938
20691
24847
26596
23139
23145
23134
26267
22136
23165
23173
23818
26238
26589
23132
25898
26598
23129
26607
25160
23148
25937
26312
24948
24971
22174
24949
26599
26384
24967
26712
24649
24990
26390
24935
24975
26386
26392
24970
24017
23308
25081
26783
