1724
370
381
1758
391
397
406
1802
1822
4681
1277
1278
3695
4750
11011
10733
10753
11831
11832
11833
11834
12533
12534
12535
11854
11855
11856
11857
11174
11175
11176
11179
11870
11180
11871
11181
11872
11873
11184
11875
11185
11876
11186
11877
11878
11879
11880
11881
11882
11907
11914
12600
12601
12602
11924
11931
11938
11939
11940
9875
11282
11283
12666
12667
12668
10610
19953
19955
19956
19957
19958
19959
18242
16526
19961
19962
19963
17559
19964
17560
19965
17561
18938
14131
19626
20312
17920
17922
16552
17584
17585
17586
15535
17601
17602
17603
16605
19696
19697
19698
19699
19700
19701
19702
19703
19704
19705
19364
17652
19711
17653
19712
17654
19713
19714
19715
17998
19722
18007
19725
18008
19726
19727
19728
19729
19730
19731
19732
19733
19736
19737
19738
19739
19740
19741
19742
19743
18709
19744
19745
17684
20427
18028
18029
19750
17690
17693
17694
17695
18722
17696
19759
19760
19761
17700
19762
17701
18042
19763
17702
18043
19764
19765
17362
17710
17713
17714
19427
19428
19429
17718
19430
19431
17720
17371
17721
18062
17724
18063
17727
17378
17728
17731
17739
18090
17752
18091
19466
18778
18779
18780
18781
19817
17781
17792
19851
19515
17111
17460
17822
16449
19891
19901
18182
14743
20252
19919
18203
19925
16486
19582
17877
19944
19945
19946
19949
19951
19952
24425
23394
24426
25457
25114
24427
25115
24428
24429
26833
25460
24430
26834
25461
24431
26835
25462
24432
26836
24433
26837
24434
26838
24435
26839
24436
26840
24437
26841
24438
26842
27185
24439
26843
25469
27186
24440
25470
27187
24441
25471
24442
26500
25472
24443
24444
26502
24445
20667
24098
24446
25475
24099
26504
24447
25476
24448
25477
20670
26506
24449
26507
24450
24451
24452
24453
24454
24455
24456
24457
25485
24458
22045
25486
24459
25487
24460
25488
24461
25489
24462
25490
24463
24464
25492
24465
24466
24467
24468
24469
24470
24471
24472
25499
24473
25500
24474
24475
24476
25502
24124
21717
20691
24477
22750
25503
24125
25504
25505
25506
25507
25160
25508
22065
25509
25513
25167
24495
24496
24497
24498
24499
21739
24500
24501
20715
22084
24502
24503
25181
26215
24504
24505
25534
24506
24507
24508
24509
24510
24511
26908
24512
25540
24513
27251
24514
25878
24847
24515
23127
24516
23818
24517
20728
24518
23129
24851
24519
23130
25546
24520
23131
25547
24521
25884
25196
23132
24166
25548
24522
25885
25197
24167
23133
24523
25550
24524
23134
25887
24525
23135
24526
23136
27262
26921
24527
23137
27263
24528
23138
22796
24529
23139
27265
24530
23140
26238
24531
23141
24532
23142
24533
23143
24534
23144
24535
27270
23145
24536
27271
24537
27272
25898
24538
25563
23148
24539
27274
25900
25564
24540
27275
24541
20748
27276
25902
26589
24542
27277
26935
24543
25904
25568
24544
26937
20751
25905
25569
24545
26938
25570
24546
26939
24547
25571
25908
20754
24548
25572
25909
24549
26596
25573
24190
25910
24550
25574
24551
26598
24552
25222
26599
24553
26600
24554
24196
25580
20763
23165
25581
25582
24559
25583
23167
24560
26607
25584
24561
22135
25231
25585
24562
26267
22136
25232
25586
24203
24563
25233
24204
24564
25234
22138
21448
24205
24565
24206
24566
25589
23173
25236
24207
24567
25590
24208
25591
24209
24210
25930
24211
24212
24213
20776
24214
24215
24216
24217
24575
24218
24576
24577
25937
24220
24578
25938
24579
24904
24580
24581
24223
20784
24582
24224
25250
24583
24225
25605
24584
23533
24226
26976
24585
24227
24586
24228
24587
26978
24229
26980
24230
25610
26981
26982
24232
23195
26983
24233
26636
23196
25951
26984
24234
22852
23197
25952
26985
24235
23198
25953
24236
23199
26639
25954
24237
23200
26640
25955
24238
26988
23201
26641
24919
25956
24239
26989
23202
26642
24597
25957
23203
26643
24598
25958
24241
23204
26644
24599
25959
24242
23205
26645
25960
24243
23206
26646
25961
24244
23207
27335
25962
24245
27336
25623
25963
22172
24246
27337
25624
23209
25964
24247
23210
25965
22174
24248
23211
25966
23212
20807
25967
26652
23213
25968
25628
26653
23214
24251
25969
27342
26654
23215
24252
25970
26312
23216
24253
25971
23217
24254
25972
23218
24255
23219
24256
23220
24257
24935
23221
24258
22183
23222
25976
24259
27349
25281
23223
25636
27350
21495
25282
23224
24261
27351
23225
27352
27010
23226
27353
25980
27011
23227
27354
24264
25981
25640
23228
21499
24265
25982
23229
24266
25983
23230
22539
24267
25984
23231
24268
25985
23232
24269
25986
23233
24270
23234
24271
23235
24948
23236
24949
23237
23238
25991
23239
24275
25295
23240
25993
25651
23241
25994
23242
24278
25995
23243
24279
25996
23244
24280
25997
23245
24281
25998
25300
23246
24282
23247
24283
23248
24284
23249
24285
26002
23250
24286
26003
22896
23251
27032
23252
24288
26005
23253
27034
24963
26006
23254
26007
23255
25663
26008
23256
25664
26009
23257
25665
24293
23258
24967
23259
24968
23260
27040
25312
23261
25313
24970
25314
24297
24971
25670
24298
26016
24299
24649
24300
24301
24975
24302
24303
24304
26702
24305
26703
24306
26704
24307
26705
24308
26706
24309
26707
24310
26708
24311
26709
24312
21539
26710
24313
26711
24314
21541
26712
24315
25329
24316
25330
24317
22922
22580
24318
25687
24319
21545
25688
22924
24320
22582
24990
24321
22583
27062
21547
24322
22584
25335
24323
22585
27064
24324
22586
24325
22587
24326
22588
26722
25339
24327
22589
26723
25340
24328
22590
24329
22591
24330
22592
24331
22593
25343
24332
22594
24333
22595
24334
22596
26384
24335
22597
24336
24679
22598
26386
24337
22599
27076
24338
22600
24339
22601
24340
22602
24341
22603
26390
25351
24342
22604
26392
24343
22605
24344
22606
24345
22607
24346
22608
23302
24347
22609
26740
23303
24348
22610
24349
23304
22611
24350
23305
22612
26743
24351
23306
22613
27089
26744
26061
24352
23307
22614
26745
24353
23308
22615
26746
25361
27091
24354
22616
26747
25362
24355
25718
22617
26748
25363
24356
22618
26749
25364
24357
22619
26750
24358
22620
26751
24359
22621
26752
24360
22622
26753
24361
20897
22623
26754
24362
27098
22624
26755
24363
22625
26756
24364
22626
26757
24365
22627
26758
24366
22628
26759
24367
22629
26760
20902
24368
22630
26076
26761
24369
22631
26762
24370
22632
26763
24371
26764
21236
24372
25031
26765
24373
26766
25378
24374
22968
26767
24375
26768
24376
24377
24378
26771
24379
25738
26772
24380
24381
26087
24382
24383
24384
26776
24385
24386
25388
26778
24387
26779
24388
24017
26780
24389
26781
24390
26782
24391
27122
26783
24392
27123
25749
26784
24393
25750
24394
27125
24395
25396
24396
27127
27470
24397
27471
24398
27472
24399
27473
24400
27474
24401
27475
24402
27476
24403
27477
26794
24404
27478
26795
24405
27479
26796
24406
26797
24407
26798
24408
26799
25407
24409
24739
26800
24410
26801
24411
26802
26803
24412
26804
24413
26805
24414
26806
24415
26117
26807
24416
26808
24417
26809
24418
26810
24419
26811
24420
26812
24421
26813
24422
26814
24423
26815
24424
26816
26817
26819
23012
26820
26821
25081
26822
26823
26824
26826
26827
26828
26829
21290
26830
26831
24765
27167
26832
25438
25799
25446
25451
22003
21314
21315
