10th Edition|12931,12933,12938,12944,12947,12951,12958,12960,12961,12963,12972,12975,12979,12980,12985,12997,13010,13011,13012,13022,13023,13026,13027,13031,13042,13044,13049,13051,13055,13056,13072,13074,13076,13082,13085,13098,13101,13103,13122,13123,13127,13135,13141,13142,13145,13150,13153,13155,13156,13172,13176,13187,13195,13197,13198,13203,13207,13210,13232,13238,13242,13247,13260,13261,13262,13265,13267,13269,13272,13273,13293,13294,13296
7th Edition|13987,14007,14018,14029,14031,14062,14064,14066,14067,14068,14102,14123,14136,14149,14159,14180,14186,14233,14246,14258,14269,14274,14291,14298,14316,14317
8th Edition|13659,13663,13664,13671,13678,13685,13689,13707,13725,13728,13733,13734,13764,13766,13779,13786,13805,13816,13836,13848,13853,13855,13856,13896,13933,13935,13949,13950,13955,13956,13957,13962,13979,13980
9th Edition|13299,13320,13323,13327,13329,13337,13338,13343,13361,13375,13376,13382,13409,13416,13421,13423,13427,13436,13438,13447,13449,13462,13464,13465,13483,13506,13511,13551,13560,13565,13567,13580,13581,13586,13600,13604,13605,13608,13609,13610,13611,13624,13629,13633,13634,13636
Alara Reborn|1909,1917,1925,1928,1934,1947,1952,1963,1967,1974,1976,1977,1979,1980,1981,1986,1987,1989,1997,2003,2011,2022,2025,2030,2033,2034,2037,2038,2047,2048
Alliances|10541,10551,10564,10569,10573,10577,10597,10599,10616,10620,10640,10641
Alpha Edition|16357,16358,16359,16360,16361,16362,16363,16364,16365,16367,16368,16370,16371,16372,16373,16375,16376,16377,16378,16379,16380,16381,16382,16383,16384,16385,16386,16387,16388,16389,16392,16394,16395,16396,16397,16398,16399,16400,16401,16402,16403,16404,16405,16406,16407,16408,16409,16410,16411,16412,16413,16414,16415,16416,16417,16418,16419,16420,16421,16422,16423,16424,16425,16426,16427,16428,16429,16430,16431,16432,16433,16434,16435,16436,16437,16438,16439,16440,16441,16442,16443,16444,16445,16446,16450,16451,16452,16453,16454,16455,16456,16457,16458,16459,16460,16461,16462,16463,16464,16465,16466,16467,16468,16469,16470,16471,16472,16473,16474,16475,16476,16477,16478,16479,16480,16481,16482,16483,16487,16488,16489,16490,16492,16493,16494,16495,16496,16497,16498,16499,16500,16501,16502,16503,16504,16505,16506,16507,16508,16509,16510,16511,16512,16513,16514,16515,16516,16517,16518,16519,16520,16521,16522,16523,16527,16530,16532,16533,16534,16535,16536,16537,16538,16539,16540,16541,16542,16543,16544,16545,16546,16547,16548,16549,16554,16555,16556,16557,16558,16559,16560,16562,16563,16564,16565,16566,16567,16568,16569,16570,16571,16572,16574,16575,16577,16578,16579,16581,16582,16583,16584,16585,16586,16587,16588,16589,16590,16591,16592,16593,16594,16595,16596,16597,16598,16599,16600,16601,16602,16606,16607,16608,16609,16610,16611,16612,16613,16615,16616,16617,16619,16620,16621,16622,16623,16625,16626,16627,16628,16629,16630,16631,16632,16633,16634,16635,16636,16637,16638,16639,16640,16641,16642,16643,16644,16645,16646,16647,16648,16649,16650,16651,16652,16653,16654,16656,26986,26987,26991,26999,27000,27002,27004,27008,27030,29540
Antiquities|11789,11797,11802,11803,11807,11808,11817,11818,11819,11820,11822,11825,11826,11830,11835,11836,11837,11840,11842,11851,11852,11858,11860,11863,11864,11866,11867,11868,11874,11886,21718,21719,21720,21721,21722,21723,21724,21725,21726,21727,21728,21729,21730,21731,21732,21733,22097,22098,22099,22100
Apocalypse|7367,7375,7383,7390,7395,7414,7438,7446,7457,7458,7475,7479,7496,7502
Arabian Nights|11888,11889,11890,11891,11892,11893,11894,11895,11896,11899,11900,11902,11903,11904,11905,11906,11910,11911,11912,11913,11915,11919,11922,11923,11927,11932,11933,11934,11935,11936,11937,11941,11942,11943,11944,11945,11947,11953,11954,11955,11956,11959,11960,11961,11962,11963,11964,11966,11967,11968,11969,11970,11971,11972,11973,11978,11979,19947,19950,20473,20475,23859
Archenemy|18303,18306,18308,18310,18311,18312,18313,18314,18317,18318,18319,18324,18325,18330,18335,18338,18339,18344,18347,18357,18363,18364,18368,18377,18381,18382,18385,18386,18390,18391,18393,18395,18398,18399,18400,18404,18405,18407,18408,18409,18414,18419,18422,18426,18428,18432,18436,18438,18441,18447,18450,18451,18455,18456,18459,18462,18464,18466,18470,18472,18474,18477,18478
Avacyn Restored|416,425,432,435,438,444,446,452,458,466,482,485,503,509,514,519,543,550,570,573,575,592,596,607,609,610,616,631,636
Battle Royale Box Set|18500,18502,18506,18512,18525,18528,18529,18543,18549,18564,18568,18571,18577,18592,18593,23551,23554,23559,23580,23585,23586,23591,23594,23597,23598,23599,23602,23604,23607,23609,23611,23612,27343,27344,27345,27346
Battle for Zendikar|29193,29222,29226,29232,29246,29252,29256,29275,29296,29307,29311,29313,29337,29351,29374,29375,29377,29386,29395,29398,29399,29415,29420,29427,29432,29438,29446,29470,29471,29481,29487,29488
Beatdown Box Set|18596,18600,18606,18609,18612,18632,18638,18652,23555,23557,23563,23566,23570,23572,23573,23581,23583,23584
Beta Edition|16055,16056,16057,16058,16059,16060,16061,16062,16063,16064,16065,16066,16067,16071,16072,16073,16074,16075,16076,16077,16078,16079,16080,16081,16082,16083,16084,16085,16086,16087,16091,16093,16094,16095,16096,16097,16098,16099,16100,16101,16102,16103,16106,16107,16108,16109,16110,16111,16113,16114,16115,16116,16117,16118,16119,16120,16122,16123,16124,16126,16128,16130,16131,16132,16134,16135,16137,16138,16139,16141,16143,16144,16145,16149,16151,16152,16153,16154,16156,16157,16158,16159,16160,16162,16163,16166,16171,16173,16174,16175,16176,16177,16178,16180,16186,16187,16188,16189,16191,16193,16194,16195,16196,16197,16198,16199,16200,16201,16202,16203,16204,16205,16206,16207,16208,16209,16210,16211,16212,16213,16214,16215,16216,16217,16218,16221,16226,16227,16229,16230,16231,16232,16233,16234,16235,16236,16237,16238,16239,16242,16243,16244,16246,16247,16252,16254,16255,16256,16257,16259,16260,16262,16263,16265,16266,16267,16268,16269,16270,16271,16272,16273,16275,16276,16278,16279,16280,16282,16283,16284,16286,16287,16288,16289,16290,16291,16292,16293,16294,16296,16297,16298,16299,16301,16305,16306,16307,16308,16309,16310,16311,16312,16313,16314,16315,16317,16318,16319,16320,16322,16323,16324,16325,16326,16327,16328,16329,16330,16331,16332,16333,16334,16335,16336,16337,16338,16339,16341,16343,16344,16346,16347,16348,16349,16350,16351,16352,16353,16354,16355,16356,24000,26990,26992,27001,27003,27005,27006,27007,27009,27028,27085,27086,27087,27088,29538,29539
Betrayers of Kamigawa|5048,5062,5067,5069,5074,5079,5084,5090,5092,5095,5097,5108,5123,5129,5133,5142,5162,5166,5173,5183,5186,5187,5189,5193,5196
Born of the Gods|22538,22853,22860,22861,22862,22863,22870,22872,22891,22897,22901,22967,22975,22990,23040,23058
Champions of Kamigawa|5213,5214,5223,5226,5246,5251,5255,5256,5264,5268,5269,5271,5273,5274,5279,5285,5289,5310,5315,5331,5332,5333,5343,5344,5346,5353,5358,5359,5363,5369,5371,5372,5376,5381,5383,5388,5422,5428,5429,5430,5432,5435,5437,5454,5464,5472,5475,5495,5496
Champs Promos|25068,25069,25070,25071,25072,25073,25074,25077,25078,25079,25080
Chronicles|18684,18692,18700,18702,18729,18745,22101,22102,22104,22105,22106,22108,22109,22110,22111,22112
Classic Sixth Edition|14323,14334,14336,14339,14342,14354,14367,14373,14376,14384,14390,14407,14410,14426,14447,14448,14466,14482,14484,14496,14504,14515,14530,14577,14581,14603,14604,14611,14624,14629,14650,14651,14653
Coldsnap|4085,4090,4101,4106,4107,4109,4112,4113,4121,4128,4139,4141,4150,4162,4163,4170,4172,4175,4178,4184,4190,4193,4198,4206,4209,4214,4227,4234,4239
Commander 2013|21737,21738,21741,21750,21753,21780,21781,21782,21792,21794,21797,21800,21806,21808,21812,21817,21832,21838,21842,21847,21848,21855,21868,21886,21899,21900,21905,21917,21938,21944,21946,21950,21971,21973,21991,21992,21995,22017,22048,22060,22072,22083
Commander 2014|26012,26013,26014,26015,26018,26019,26020,26022,26024,26031,26038,26039,26046,26053,26082,26084,26097,26103,26118,26124,26133,26134,26149,26177,26183,26195,26200,26218,26220,26228,26231,26258,26268,26272,26281,26308,26330,26334,26351,26362,26404,26407,26418,26438,26442,26454,26458,26460,26472,26478,26480,26482,26514,26521,26731,26732,26735,26741,26742
Commander's Arsenal|19966,19968,19971,19972,19973,19975,19981,19982,19983,26785,26786,26787,26788,26789,26790,26791,26792,26793,26818
Commander|18806,18807,18808,18809,18810,18811,18812,18815,18817,18818,18819,18820,18822,18823,18824,18829,18832,18837,18838,18841,18846,18847,18853,18855,18856,18861,18862,18871,18874,18877,18883,18884,18886,18889,18891,18899,18903,18909,18910,18911,18917,18923,18925,18926,18927,18928,18931,18932,18933,18934,18941,18942,18949,18950,18952,18954,18955,18956,18958,18959,18963,18964,18971,18973,18976,18983,18990,19004,19005,19007,19009,19015,19023,19026,19029,19031,19032,19033,19036,19037,19040,19047,19054,19056,19057,19059,19068,19071,19072,19087,19088,19091,19092,19095,19097
Conflux|2054,2055,2060,2069,2071,2088,2089,2096,2111,2114,2115,2119,2120,2121,2125,2126,2127,2131,2136,2137,2138,2139,2143,2145,2148,2164,2168,2172,2173,2189
Conspiracy|24783,24812,24819,24822,24824,24825,24832,24836,24875,24896,24905,24912,24926,24931,24956,24981,24982,24992,24998,25028,25046,25075,25085,25097,25101
Dark Ascension|679,681,688,700,703,704,713,725,728,741,743,750,772,780,790,793,22672,22700
Darksteel|5663,5672,5673,5681,5687,5691,5692,5696,5705,5716,5719,5737,5742,5747,5749,5758,5759,5772,5773,5776,5781,5782,5785,5796,5798,5799,5811,5818,5823
Dissension|4245,4252,4256,4261,4269,4271,4272,4278,4286,4292,4296,4300,4303,4307,4313,4320,4336,4337,4341,4342,4344,4349,4357,4358,4374,4381,4383,4395,4401,4410,4413
Dragon's Maze|20329,20333,20363,20373,20376,20381,20382,20384,22813
Dragons of Tarkir|27612,27616,27620,27629,27632,27649,27655,27658,27660,27663,27664,27669,27670,27671,27672,27673,27680,27682,27683,27684,27685,27688,27690,27703,27706,27719,27741,27762,27766,27778,27812,27890
Duel Decks: Ajani vs. Nicol Bolas|16742,16748,16766,16768,16777,16784,16785,16792,16804,16805,16807
Duel Decks: Anthology|26239,26245,26246,26286,26293,26300,26307,26309,26322,26343,26347,26349,26358,26368,26399,26401,26417,26419,26425,26427,26433,26441,26447,26455,26465,26475,26479,26481,26485,26515,26551,26560,26562,26574,26581,26584,26606,26611,26612,26631,26633,26849,26850,28072
Duel Decks: Divine vs. Demonic|16811,16828,16832,16842,16851,16861,16865,22788,22790
Duel Decks: Elspeth vs. Kiora|27502,27503,27551
Duel Decks: Elspeth vs. Tezzeret|16884,16889,16890,16908,16910,16923,16927,16932,16935,16937
Duel Decks: Elves vs. Goblins|16943,16946,16949,16950,16956,16959,16962,16963,16965,16966,16967,16968,16969,16978,16984,16987,16993,16996,16997,16999,22792,24191
Duel Decks: Garruk vs. Liliana|17001,17020,17025,17029,17030,17031,17036,17045,17049
Duel Decks: Heroes vs. Monsters|21373,21390,21458,21465,21473,21476
Duel Decks: Izzet vs. Golgari|17062,17070,17081,17085,17089,17095,17096,17099,17103
Duel Decks: Jace vs. Chandra|17135,17138,17140,17142,17143,17147,17150,17168,17185
Duel Decks: Jace vs. Vraska|23448,23449,23458,23468,23489,23494
Duel Decks: Knights vs. Dragons|17205,17220,17222,17223,17224,17226,17228,17232,17240,17250,17260,17265,17266
Duel Decks: Phyrexia vs. the Coalition|17274,17276,17279,17292,17293,17299,17309,17311,17320,17333,17339
Duel Decks: Sorin vs. Tibalt|20254,20272,20302,20313,20320,20324
Duel Decks: Speed vs. Cunning|25526,27389,27409,27415
Duel Decks: Venser vs. Koth|17343,17376,17380,17387,17396,17407,22803
Duel Decks: Zendikar vs. Eldrazi|29084,29094,29108,29120,29128,29136,29564
Eventide|2435,2436,2440,2444,2449,2455,2456,2459,2460,2461,2462,2464,2465,2477,2479,2480,2483,2485,2489,2491,2493,2498,2504,2518,2524,2528,2529,2531,2545,2548,2555,2559,2561,2562,2563,2565,2571,2577,2579,2580,2583,2584,2591,2593,2596,2603,2604,2605
Exodus|9234,9237,9238,9255,9256,9257,9262,9266,9279,9285,9294,9302,9311,9319,9320,9330,9344,9348,9350
FNM Promos|20542,21351,22650,23121,24807,24808,25441,25577,25578,26770,27481,28190,28471,29018,29019
Fallen Empires|25987,25990
Fate Reforged|27035,27037,27038,27072,27073,27084,27095,27099,27103,27156,27158,27161,27165,27237
Fifth Dawn|5498,5505,5506,5512,5514,5515,5516,5517,5520,5521,5523,5524,5532,5535,5536,5542,5547,5548,5552,5559,5566,5572,5579,5581,5583,5593,5595,5599,5603,5610,5613,5623,5625,5635,5638,5639,5655,5656
Fifth Edition|14657,14667,14672,14675,14682,14683,14690,14702,14708,14722,14811,14823,14841,14843,14870,14872,14877,14898,14905,14906,14909,14926,14927,14928,14957,14965,15017,15024,15027,15047,15055,15056,15057,15077,15079,15083,15087
Fourth Edition|15103,15109,15110,15111,15115,15118,15228,15242,15243,15258,15270,15277,15281,15289,15291,15295,15300,15301,15308,15309,15381,15386,15390,15391,15399,15446,15447,15449,15452,15456
From the Vault: Angels|29030,29031,29032,29033,29034,29035,29036,29037,29038,29039,29040,29041,29042,29043,29044
From the Vault: Annihilation|25528,25529,25530,25531,25532,25552,25553,25554,25555,25556,25557,25558,25559,25560,25561
From the Vault: Realms|16704,16713
Future Sight|3333,3340,3343,3351,3355,3357,3363,3367,3379,3386,3390,3392,3394,3397,3403,3408,3423,3424,3425,3433,3434,3440,3444,3445,3461,3465,3475,3476,3489,3491,3492,3494,3498,3499,3501,3505
Game Day Promos|23149,23156,23157,23168,23172,23182,23183,23189,23191,24633,25483,25484,26001,27513,27641,27697,28659,29551,29552
Gatecrash|19984,19986,19989,19996,19998,19999,20003,20006,20008,20010,20013,20016,20020,20024,20026,20029,20035,20036,20045,20057,20061,20065,20066,20077,20080,20090,20100,20119
Gateway Promos|26940,26941,26942,26946,26947,26948,26951,26954,26956,26957,26959,26960,26961,26962,26966,26969,26971,26972,26973
Grand Prix Promos|20645,22435,26977
Guildpact|4424,4434,4446,4454,4463,4465,4470,4493,4496,4497,4507,4514,4527,4541,4555,4558,4560,4561,4566,4573
Homelands|10679,10686,10691,10702,10705,10718,10747,10752,10793,10795,24142
Ice Age|10802,10805,10835,10840,10863,10961,10964,10969,10973,10976,11037,11060,11064,11097,11098,11123,11126,11139
Innistrad|9,11,12,25,26,35,45,48,51,53,65,69,88,91,93,102,123,129,140,144,153,174,808,810,815,818,822,834,839,857,872,22736
Invasion|7648,7665,7668,7669,7690,7699,7703,7710,7719,7724,7725,7729,7730,7735,7752,7802,7811,7822,7853,7856,7859,7868,7903,7915,7937,7946,7955
Journey into Nyx|24569,24593,24610,24613,24618,24619,24635,24636,24637,24644,24650,24654,24655,24657,24668,24683
Judge Promos|22140,22141,22647,23122,23123,24796,24797,24798,24799,24800,24801,24802,24803,25535,25536,25537,25538,25539,27953,27955,27956,27961,27964
Judgment|6742,6749,6758,6759,6760,6761,6769,6771,6781,6792,6794,6801,6804,6817,6821,6827,6832,6848,6849,6853,6862,6864,6877
Khans of Tarkir|25594,25595,25599,25614,25615,25616,25621,25622,25627,25630,25637,25638,25642,25647,25650,25654,25667,25673,25682,25726,25727,25740,25748,25785,25802,25822,25896
Legends|11479,11481,11485,11486,11488,11489,11491,11492,11494,11495,11496,11498,11499,11505,11509,11510,11513,11515,11516,11518,11519,11520,11521,11522,11523,11526,11527,11531,11535,11536,11540,11541,11543,11547,11548,11549,11556,11558,11559,11561,11563,11568,11571,11573,11583,11584,11588,11590,11591,11592,11593,11597,11598,11600,11607,11608,11610,11611,11612,11614,11618,11619,11620,11621,11624,11625,11626,11627,11628,11629,11630,11631,11633,11634,11636,11637,11638,11641,11642,11643,11644,11647,11648,11651,11652,11653,11654,11658,11659,11660,11661,11662,11664,11667,11668,11670,11671,11673,11676,11681,11682,11685,11687,11688,11689,11690,11693,11698,11699,11700,11702,11704,11705,11711,11712,11719,11721,11722,11724,11725,11726,11727,11730,11731,11735,11736,11737,11738,11739,11742,11743,11744,11745,11752,11753,11755,11757,11760,11761,11762,11766,11773,11779,11781,11782,11783,11785,11786
Legions|6262,6275,6276,6305,6311,6336,6343,6354,6364,6365,6366,6368,6382,6385,6394,6400
Lorwyn|3049,3054,3056,3057,3080,3085,3097,3098,3100,3102,3103,3104,3111,3112,3134,3138,3140,3142,3147,3157,3174,3175,3176,3184,3185,3194,3202,3210,3212,3213,3214,3215,3218,3224,3232,3236,3243,3244,3245,3248,3251,3257,3258,3262,3263,3266,3267,3273,3276,3279,3294,3296,3298,3301,3302,3307,3314,3322,3328,3329
Magic 2010 (M10)|12701,12709,12710,12712,12716,12727,12729,12732,12738,12751,12753,12758,12759,12766,12774,12777,12780,12789,12791,12795,12796,12803,12813,12816,12819,12823,12842,12849,12852,12854,12857,12863,12868,12873,12880,12882,12891,12895,12901,12903,12905,12907,12911,12927
Magic 2011 (M11)|12452,12458,12469,12472,12484,12486,12502,12505,12513,12514,12521,12524,12537,12539,12544,12546,12550,12557,12564,12570,12575,12578,12579,12580,12581,12583,12584,12585,12603,12611,12622,12624,12626,12629,12635,12639,12647,12659,12663,12664,12669,12677
Magic 2012 (M12)|12216,12224,12237,12240,12251,12254,12266,12280,12282,12284,12288,12300,12303,12305,12308,12312,12314,12319,12320,12326,12330,12334,12338,12375,12378,12380,12381,12382,12390,12392,12406,12407,12411,12418,12420,12429,12437,12438
Magic 2013 (M13)|11982,11983,12000,12005,12008,12021,12027,12030,12031,12036,12038,12059,12062,12063,12080,12081,12089,12090,12095,12108,12111,12123,12128,12133,12137,12145,12154,12155,12163,12168,12170,12171,12172,12176,12177,12178,12190,12191,12209
Magic 2014 (M14)|20868,21099,21101,21118,21164,21165,21168,21169,21176,21177,21202,21205,21208,21209,21210,21211,21212,21213,21217,21219,21225,21229,21234,21259,21278,21287,21303,21313,24774,24775
Magic 2015 (M15)|24849,24857,25105,25111,25237,25252,25259,25260,25261,25268,25269,25270,25283,25291,25292,25298,25299,25303,25305,25308,25309,25310,25311,25317,25320,25334,25342,25358,25402,25413,28191
Magic Origins|28557,28584,28619,28646,28647,28652,28663,28669,28676,28677,28683,28684,28685,28688,28691,28693,28697,28701,28704,28705,28721,28736,28745,28746,28748,28785,28791,28826,28874,28911,28919
Magic Player Rewards|24018,24019,24020,24021,24023,24025,24026,24027,24028,24029,24030,24031,24038,24039,24040,24041,24042,24043,24045,24046,24047,24048,24049,24050,24051,24052,24054,24056,24057,24058,24059,24060,24062,24065,24067,24068,24069,24070,24071,24076,24077,24078,24079,24080,24081,24082,24083,24084,24085,24088,24089,24090,24093
Media Promos|20804,20814,20815,20817,20821,20826,20832,20833,20835,20840,20843,21321,21668,21670,21671,21672,22088,22089,22090,22091,22263,22537,22965,23391,23392,24122,24600,24601,24602,24603,24605,24606,24608,24609,24810,25491,25493,25494,25495,25496,25497,25498,25888,26844,27169,27639,28185,28186,28515,28657,29544,29545,29546,29547,29548,29549
Mercadian Masques|8285,8293,8296,8314,8329,8334,8363,8377,8382,8399,8443,8451,8461,8474,8503,8541,8549,8575,8581,8583
Mirage|10242,10273,10290,10312,10345,10372,10383,10436,10451,10464,10507,10512,28159,28169
Mirrodin Besieged|884,886,896,901,904,919,921,924,928,933,948,952,955,962,970,976,985,987,995,999,1015,1018,1020
Mirrodin|5831,5846,5855,5858,5873,5885,5890,5891,5894,5905,5906,5908,5930,5933,5937,5948,5965,5966,5967,5971,5981,5994,6005,6009,6021,6027,6028,6029,6030,6048,6050,6055,6061,6062,6084,6097,6115
Modern Event Deck|24842,24843,24844,24848,24852,24854,24858,24861,24864,24869,24871
Modern Masters 2015|28136,28137,28138,28139,28140,28177,28178,28193,28194,28198,28199,28200,28206,28209,28210,28212,28213,28214,28216,28217,28220,28224,28226,28230,28231,28232,28241,28242,28243,28249,28258,28263,28264,28267,28320,28324,28369,28372,28392
Modern Masters|20847,20848,20849,20851,20852,20855,20856,20874,20875,20880,20883,20884,20885,20886,20887,20888,20890,20893,20895,20898,20904,20905,20907,20908,20909,20913,20915,20918,20925,20927,20939,20949,20950,20952,20960,20968,20969,20970,20971,20982,20985,20995,20998,21003,21004,21006,21010,21011,21021,21030,21032,21037,21038,21040,21041,21042,21043,21045,21047,21048,21053,21054,21056,21057,21058,21063,21064,21067,21070,21074,21075,21203,22824,22826,22834
Morningtide|2901,2907,2912,2917,2925,2941,2944,2945,2948,2949,2953,2954,2956,2958,2959,2963,2973,2974,2979,2982,2986,2988,2998,3000,3006,3010,3011,3013,3021,3028,3033,23128
Nemesis|8138,8140,8148,8174,8183,8191,8207,8223,8240,8242,8256,8257,8258
New Phyrexia|184,186,187,188,194,208,213,215,229,233,250,252,256,262,264,273,276,277,286,287,289,300,310,321,326,330,334,338,339,348
Odyssey|7067,7068,7083,7090,7101,7102,7104,7107,7116,7117,7121,7122,7126,7138,7142,7158,7170,7176,7181,7203,7204,7208,7210,7225,7226,7229,7241,7245,7254,7284,7288,7289,7297,7309,7310,7312,7318,7323,7325,7334,7338,7344,7345
Onslaught|6408,6412,6421,6438,6439,6440,6442,6468,6478,6498,6509,6512,6518,6522,6528,6533,6542,6544,6548,6551,6553,6565,6572,6578,6581,6591,6602,6611,6614,6620,6635,6640,6655,6662,6667,6674,6685,6710,6712,6715,6722,6725,6727,6730,6734
Planar Chaos|3515,3521,3525,3527,3528,3533,3538,3539,3540,3557,3565,3569,3571,3577,3581,3599,3603,3613,3618,3620,3623,3626,3644,3645,3656,3657,3665,3673,3676
Planechase 2012|19298,19299,19300,19303,19313,19316,19319,19321,19325,19326,19328,19337,19338,19345,19347,19349,19350,19357,19358,19359,19363,19372,19381,19385,19388,19389,19393,19396,19398,19399,19400,19404,19407,19412,19413,19417,19422,19426,24192,24193,24194,24195,24197,24198,24199,24200,24201,24202,24219,24221,24222,24240,24249,24250,24260,24262,24263,24272,24273,24274,24276,24277,24287,24289,24290,24291,24292,24294,24295,24296,24479,24480,24481,24482,24483,24484,24485,29541
Planechase|19099,19100,19101,19102,19104,19109,19110,19112,19114,19126,19128,19134,19140,19142,19143,19144,19149,19151,19152,19153,19157,19159,19162,19164,19165,19166,19168,19169,19172,19175,19177,19179,19181,19182,19185,19187,19191,19193,19194,19195,19197,19199,19200,19202,19204,19205,19207,19209,19210,19212,19215,19217,19218,19221,19224,19225,19226,19230,19231,19234,19240,19243,19245,19248,19253,19256,19258,19259,19265,19266,19267,19269,19270,19271,19272,19273,19274,19275,19280,19281,19282,19283,19285
Planeshift|7526,7530,7535,7563,7571,7572,7580,7584,7587,7611,7636,22094,22095,22096
Portal Second Age|17965,17967,17968,17973,17974,17979,17984,17987,17990,17994,17996,17999,18000,18009,18012,18015,18019,18020,18023,18024,18031,18050,18055,18060,18065,18069,18073,18079,18083,18084,18086,18092,18098,18100,18103,18114,18121,23728,23729,23734,23736,23738,23739,23744,23746,23747
Portal Three Kingdoms|18123,18124,18125,18126,18128,18129,18130,18131,18134,18135,18136,18137,18138,18140,18141,18142,18143,18144,18145,18148,18149,18150,18151,18152,18153,18154,18156,18157,18158,18159,18160,18161,18166,18168,18169,18170,18171,18172,18173,18174,18175,18176,18181,18183,18184,18185,18186,18187,18188,18189,18190,18191,18192,18193,18195,18201,18202,18204,18208,18210,18211,18212,18213,18217,18218,18219,18220,18221,18222,18224,18228,18230,18231,18232,18234,18237,18238,18239,18240,18243,18247,18248,18250,18251,18253,18257,18258,18260,18263,18267,18268,18272,18273,18274,18276,18277,18279,18282,18283,18284,18285,18286,18287,18288,18289,18291,18292,18293,18295,18296,18297,18298,18299,18301,18302,20479,21673,23750,23751,23752,23754,23755,23756,23757,23758,23760,23761,23762,23763,23764
Portal|17736,17738,17742,17744,17768,17775,17777,17783,17789,17790,17795,17800,17816,17823,17838,17840,17845,17861,17865,17872,17881,17882,17900,17913,17918,17923,17926,17929,17942,17943,17953,17956,17957,28132
Premium Deck Series| Fire and Lightning|17462
Prerelease Cards|20732,20758,20769,21537,21543,22198,22199,22201,25442,25443,25575,25911,25912,25913,25915,25916,25917,25918,25919,25920,25921,25922,25924,25925,25926,25927,25928,25929,25931,25932,25933,25934,25935,25936,25939,25940,25941,25942,25943,25945,25946,25947,25948,25973,25974,25977,25978,25979,27278,27279,27280,27281,27282,27283,27284,27285,27286,27287,27288,27289,27290,27291,27292,27293,27294,27295,27296,27297,27298,27299,27300,27301,27302,27303,27304,27305,27306,27307,27730,27731,27732,27733,27734,27735,27736,27737,27738,27739,27954,27957,27958,27959,27960,27962,27963,27965,27966,27967,27968,27969,27970,27971,27972,27973,27974,27975,27976,27977,27978,27979,27980,27981,27982,27983,27984,27985,27986,27987,27988,27989,27990,27991,27992,27993,27994,27995,27996,27997,28896,28928,28929,28930,28931,28932,28933,28934,28935,28936,28937,28938,28939,28940,28941,28942,28943,28944,28945,28946,28947,28948,28949,28950,28951,28952,28953,28954,28955,28956,28957,28958,28959,28960,28961,28962,28963,28964,28967,28968,28969,29580,29581,29582,29583,29584,29585,29586,29587,29588,29589,29590,29591,29592,29593,29594,29595,29596,29597,29598,29599,29600,29601,29602,29603,29604,29605,29606,29607,29608,29609,29610,29611,29612,29613,29614,29615,29616,29617,29618,29619,29620,29621,29622,29623,29624,29625,29626,29627,29628,29629,29630,29631,29632,29633,29634,29635,29636,29637,29638,29639,29640,29641,29642,29643,29644,29645,29646,29655
Pro Tour Promos|28174
Prophecy|7992,8059,8063,8076,8099
Ravnica|4592,4593,4616,4618,4622,4626,4630,4633,4637,4639,4643,4653,4680,4691,4696,4701,4708,4712,4714,4716,4718,4732,4734,4736,4751,4761,4763,4766,4768,4773,4780,4782,4789,4792,4807,4812,4825,4828,4836,4843,4847,4848,4863,4867
Release Event Cards|22196,22645,22646,25447,27638
Return to Ravnica|360,362,366,378,385,386,392,395,396,400,404,407,19695,19710,19716,19721,19734,19748,19749,19756,19766,19778,19779,19781,19822,19876,19934,19936,22636,22644
Revised Edition|15464,15468,15469,15470,15472,15474,15476,15483,15502,15518,15542,15554,15563,15575,15576,15587,15605,15610,15616,15618,15620,15625,15629,15631,15649,15662,15671,15674,15678,15693,15697,15704,15705,15708,15715,15717,15719,15725,15728,15744,15748,15749,15751,15752
Rise of the Eldrazi|1282,1283,1289,1294,1305,1311,1318,1324,1328,1334,1335,1338,1352,1355,1367,1376,1378,1381,1387,1389,1392,1394,1395,1399,1401,1407,1409,1412,1422,1428,1436,1438,1445,1471,1477,1481,1485,1489,1494,1503,1507,1509,1512,1518,1521,1524,22730
Saviors of Kamigawa|4893,4912,4913,4914,4935,4947,4950,4953,4964,4970,4971,4973,4984,4992,4995,5005,5007,5037
Scars of Mirrodin|1044,1052,1071,1075,1081,1083,1091,1094,1095,1098,1108,1109,1128,1133,1134,1143,1144,1148,1149,1155,1157,1159,1160,1167,1177,1181,1186,1194,1197,1204,1215,1222,1238,1245,1255,1265,1266,1279,22731,22732
Scourge|6121,6128,6131,6145,6149,6150,6151,6159,6162,6164,6166,6170,6178,6186,6198,6216,6227,6231,6236,6237,6249,6256,6258
Shadowmoor|2618,2624,2629,2632,2635,2638,2639,2654,2658,2659,2662,2664,2666,2669,2674,2675,2680,2681,2689,2690,2692,2697,2702,2706,2707,2710,2723,2732,2736,2738,2741,2747,2749,2750,2752,2757,2759,2762,2765,2770,2775,2776,2777,2778,2779,2787,2790,2793,2795,2799,2803,2804,2809,2816,2824,2832,2837,2843,2848,2850,2852,2853,2859,2861,2871,2873,2875,2880,2886,2891,2892,2894,2895,22697,23700
Shards of Alara|2197,2199,2205,2211,2221,2237,2243,2254,2256,2262,2266,2267,2276,2279,2287,2308,2310,2311,2317,2318,2319,2326,2342,2343,2348,2349,2351,2353,2369,2371,2374,2375,2377,2380,2393,2395,2400,2405,22681,23341
Special Occasion|23151,23153,23155,23158,23169,23176,23179,23181,23185,26909
Starter 1999|17513,17514,17517,17519,17529,17532,17535,17536,17540,17542,17543,17546,17566,17567,17572,17575,17589,17592,17606,17614,17630,17640,17649,17650,17655,17658,17659,17661,17682
Starter 2000|17723,17725
Stronghold|9375,9390,9393,9399,9400,9411,9415,9420,9422,9438,9442,9447,9472,9474,9490,9501,9503,9506
Tempest|9514,9515,9517,9521,9546,9558,9562,9566,9589,9592,9596,9614,9633,9642,9644,9646,9650,9654,9667,9669,9682,9686,9711,9713,9723,9732,9736,9749,9755,9756,9762,9799,9818,9821,9834,9841
The Dark|11363,11366,11376,11392,11394,11410,11423,11428,11440,11460,11465
Theros|21361,21398,21406,21407,21415,21420,21425,21426,21446,21449,21451,21456,21457,21486,21488,21489,21498,21501,21502,21503,21504,21509,21516,21559,21574,21665
Time Spiral|3799,3804,3806,3817,3832,3843,3848,3853,3876,3890,3892,3893,3900,3905,3909,3911,3922,3929,3930,3933,3935,3940,3941,3955,3957,3964,3984,3986,3987,3989,3991,3998,4002,4004,4028,4035,4037,4055,4067,4068,4074,4078
Timeshifted|3678,3682,3683,3685,3686,3693,3696,3705,3708,3716,3719,3734,3742,3743,3748,3751,3759,3775,3781
Torment|6899,6900,6912,6939,6947,6948,6957,6966,6976,6977,7014
Ugin's Fate Promos|27402,27406,27408,27410,27412,27414,27416,27418,27420,27422,27424,27426,27427,27429,27431,27433,27435,27437,27439,27441,27443,27445,27446,27448
Unglued|19432,19433,19434,19435,19439,19478,19480,19497,19503,19504,19509,19510,19514,19516,20483,22805,22807,22808,22809,22810,23930,23932,23934,23935,23938
Unhinged|19528,19541,19543,19554,19564,19569,19578,19580,19586,19602,19614,19622,19637,19654,24102,24103,24104,24105,24106,24107,24108,24109,24110,24111,24112,24113,24114,24115,24116,24119,24120,25541,25542,25543,25544,25545
Unlimited Edition|15754,15756,15757,15758,15759,15760,15761,15762,15763,15764,15765,15767,15768,15769,15770,15771,15773,15774,15778,15780,15783,15784,15785,15791,15792,15793,15796,15797,15800,15801,15804,15807,15808,15809,15812,15813,15814,15815,15816,15822,15828,15829,15832,15833,15842,15843,15847,15849,15850,15851,15857,15858,15864,15869,15872,15873,15874,15875,15884,15886,15887,15889,15893,15894,15897,15898,15900,15902,15903,15904,15907,15908,15910,15911,15912,15913,15914,15915,15916,15919,15924,15925,15926,15927,15928,15929,15930,15932,15933,15934,15940,15945,15950,15953,15955,15957,15958,15963,15965,15966,15967,15968,15970,15973,15974,15977,15980,15981,15982,15985,15987,15989,15990,15991,15994,15999,16003,16004,16006,16008,16010,16011,16012,16013,16015,16017,16020,16021,16025,16026,16027,16028,16029,16041,16044,16045,16046,16049,16050,16052,16053,16054,29537
Urza's Destiny|8604,8607,8609,8610,8632,8635,8677,8679,8685,8686,8687,8692,8693,8701,8702,8705,8720,8730,8734,8737,8740,8745,8746
Urza's Legacy|8753,8762,8763,8764,8769,8770,8772,8778,8790,8792,8801,8810,8814,8817,8818,8823,8837,8841,8842,8858,8869,8873
Urza's Saga|8892,8899,8906,8910,8918,8928,8931,8937,8938,8944,8945,8981,8984,8994,8999,9001,9002,9003,9005,9014,9015,9036,9041,9044,9045,9049,9056,9060,9075,9085,9086,9097,9132,9137,9143,9151,9153,9163,9165,9170,9171,9174,9177,9182,9195,9214,9219,9220,9222
Vanguard|19661,19662,19663,19664,19665,19666,19667,19668,19669,19670,19671,19672,19673,19674,19675,19676,19677,19678,19679,19680,19681,19682,19683,19684,19685,19686,19687,19688,19689,19690,19691,19692
Visions|10014,10021,10025,10026,10036,10051,10061,10101,10102,10125,10145,10153,10159,10163,10166
WPN Promos|27311,27313,27314,27316,27318,27323,27324,27326,27327,27333,28027
Weatherlight|9847,9862,9874,9878,9888,9893,9906,9915,9917,9939,9941,9955,9960,9961,9974,9975,10004,10010,20091
Worldwake|1528,1529,1533,1534,1538,1539,1552,1555,1558,1562,1565,1570,1581,1585,1589,1592,1593,1594,1599,1600,1601,1604,1612,1613,1621,1622,1624,1634,1647,1649,1654,1672
Zendikar Expedition|29152,29153,29154,29180,29181,29182,29183,29185,29196,29197,29198,29200,29201,29202,29203,29205,29206,29208,29209,29210,29563,29565,29567,29569,29571
Zendikar|1676,1678,1685,1686,1691,1692,1701,1702,1709,1714,1717,1718,1719,1720,1723,1726,1731,1748,1751,1756,1763,1764,1765,1782,1783,1785,1789,1792,1796,1799,1808,1811,1812,1814,1817,1827,1833,1837,1842,1844,1845,1858,1860,1869,1877,1891,1894,1897,1899,21678,21682,21686,21690,21698,21710,22743
